((("fseek" .
   [0 0 0 1 0])
  ("typedef" .
   [0 0 1 0 0 0 0])
  ("setq" .
   [1 0 0 0])
  ("add-to-list" .
   [0 0 0 0 0 0 1 0 0 0 0])
  ("added" .
   [0 0 0 0 1])
  ("exit" .
   [1 0 0 0])
  ("revert" .
   [1 0 0 0 0 0])
  ("temp" .
   [3 0 0 0])
  ("normalization" .
   [0 0 0 1 0 0 0 0 0 0 0 0 0])
  ("sum" .
   [2 0 0])
  ("eps" .
   [2 0 0])
  ("h_w" .
   [5 0 0])
  ("FOREST_NUM" .
   [0 0 0 0 0 0 0 1 0 0])
  ("threshold" .
   [2 0 0 0 0 0 0 0 0])
  ("forest" .
   [1 0 0 0 0 0])
  ("index" .
   [2 0 0 0 0])
  ("FOREST" .
   [1 0 0 0 0 1])
  ("molokai" .
   [1 0 0 0 0 0 0])
  ("fprintf" .
   [0 0 0 1 0 0 0])
  ("res" .
   [4 0 0])
  ("data_print" .
   [0 0 0 0 1 0 0 0 0 0])
  ("sample_alts" .
   [0 0 0 0 0 0 1 0 1 1 0])
  ("samp_alts_num" .
   [5 0 0 0 0 0 0 0 0 0 0 1 0])
  ("comp_sample" .
   [1 0 0 0 0 0 0 0 0 0 0])
  ("dim" .
   [2 0 0])
  ("Samp_Num" .
   [1 1 0 0 0 0 0 0])
  ("class" .
   [2 0 0 0 0])
  ("pclass" .
   [1 0 0 0 0 0])
  ("samp_num" .
   [10 0 0 0 0 0 0 0])
  ("Pattern" .
   [3 0 0 0 0 0 0])
  ("p_arr" .
   [5 0 0 0 0])
  ("argc" .
   [2 0 0 0])
  ("s" .
   [1])
  ("cluster" .
   [1 0 0 0 0 0 0])
  ("samp_list" .
   [11 0 0 0 1 0 1 0 0])
  ("weight" .
   [6 0 5 0 0 0])
  ("type_cnt" .
   [4 0 0 0 0 1 1 1])
  ("Struct" .
   [0 0 0 2 0 0])
  ("samp_alts" .
   [16 0 0 0 0 0 1 1 0])
  ("Samp_Types" .
   [2 0 12 2 1 0 1 0 0 2])
  ("samp_types" .
   [8 0 0 1 0 0 0 0 0 1])
  ("ptn_types" .
   [1 0 0 0 0 0 0 0 0])
  ("cnt" .
   [2 0 0])
  ("len" .
   [2 0 0])
  ("arr" .
   [9 0 0])
  ("argv" .
   [4 0 0 0])
  ("value" .
   [15 0 1 1 0])
  ("count" .
   [7 0 0 0 0])
  ("alts" .
   [2 0 0 1])
  ("ptns" .
   [3 0 0 2])
  ("segments" .
   [2 0 0 0 0 0 0 0])
  ("utt2spk" .
   [1 0 0 0 1 0 0])
  ("*_utt2spk" .
   [1 0 0 0 0 0 0 0 0])
  ("*_segments" .
   [1 0 0 0 0 0 0 0 0 0])
  ("paste" .
   [1 0 0 0 0])
  ("_utt" .
   [2 0 0 0])
  ("_seg_label" .
   [0 0 0 2 0 0 0 0 0 0])
  ("file" .
   [2 0 0 0])
  ("end_" .
   [0 0 2 0])
  ("start_" .
   [1 0 1 2 0 0])
  ("seg_" .
   [0 0 0 1])
  ("imode" .
   [1 0 0 0 0])
  ("dmode" .
   [2 0 0 0 0])
  ("smode" .
   [2 0 0 0 0])
  ("count_right" .
   [1 0 0 0 0 0 0 0 0 0 0])
  ("thre" .
   [2 0 0 0])
  ("printf" .
   [39 0 1 1 0 0])
  ("Clu" .
   [2 0 2])
  ("*segment" .
   [1 0 0 0 0 0 0 0])
  ("gsed" .
   [2 0 0 0])
  ("awk" .
   [7 0 0])
  ("output_file" .
   [1 0 0 0 0 0 0 0 0 0 0])
  ("S_ctnt" .
   [0 0 0 0 0 1])
  ("ctnt" .
   [1 0 0 1])
  ("ctnt_ptn" .
   [0 0 0 0 0 0 1 0])
  ("I_ptn" .
   [0 0 0 1 0])
  ("eachline" .
   [2 0 0 0 0 0 0 0])
  ("imshow" .
   [1 0 0 0 0 0])
  ("fscanf" .
   [2 0 1 1 0 0])
  ("x2_3" .
   [2 0 0 0])
  ("x2_4" .
   [2 0 0 0])
  ("x2_5" .
   [2 0 0 0])
  ("x2_1" .
   [2 0 1 0])
  ("x2_2" .
   [2 0 0 0])
  ("array" .
   [20 0 2 2 2])
  ("bpf" .
   [2 0 0])
  ("ex_1" .
   [1 0 0 0])
  ("result_4_cut" .
   [0 0 0 0 0 0 0 0 2 0 0 0])
  ("LPF" .
   [0 0 1])
  ("HPF" .
   [0 0 1])
  ("BSF" .
   [1 0 0])
  ("sample_rate" .
   [0 0 0 2 0 0 0 0 1 0 0])
  ("log10" .
   [1 0 0 1 0])
  ("Sample" .
   [0 0 0 2 0 0])
  ("save" .
   [0 0 2 0])
  ("plot" .
   [5 0 0 0])
  ("trans_1" .
   [3 0 0 0 1 1 0])
  ("result_cut" .
   [0 0 0 1 0 0 0 0 0 0])
  ("arange" .
   [0 0 0 0 1 0])
  ("plt" .
   [20 0 2])
  ("result" .
   [0 0 0 5 0 10])
  ("soundinfo" .
   [1 0 0 2 0 2 0 0 0])
  ("time_filter" .
   [0 0 1 1 0 1 0 0 0 0 0])
  ("Time" .
   [0 0 2 0])
  ("print" .
   [0 0 8 0 1])
  ("filtering" .
   [1 0 0 0 0 0 0 0 0])
  ("cir_con" .
   [1 0 0 1 0 0 0])
  ("con" .
   [7 0 0])
  ("readframes" .
   [0 0 0 1 0 0 0 0 0 0])
  ("fft" .
   [10 0 0])
  ("imp_num" .
   [4 0 0 0 0 2 0])
  ("imp_len" .
   [3 0 1 0 3 0 0])
  ("complex" .
   [0 0 1 0 0 0 0])
  ("zeros" .
   [2 0 0 0 0])
  ("Frequency" .
   [0 0 1 0 0 0 0 0 0])
  ("amp" .
   [0 0 1])
  ("fit_fft" .
   [0 0 1 2 1 0 0])
  ("fil" .
   [0 0 1])
  ("subplot" .
   [1 0 1 3 0 0 0])
  ("balls" .
   [0 0 1 0 0])
  ("import" .
   [0 0 4 0 3 0])
  ("winfunc" .
   [0 0 1 0 0 0 0])
  ("sinc" .
   [8 0 1 2])
  ("convolvtion" .
   [0 0 1 5 0 0 0 0 0 0 0])
  ("xrange" .
   [0 0 0 0 1 0])
  ("trans" .
   [2 0 1 0 2])
  ("con_result" .
   [1 0 0 0 0 2 1 0 0 0])
  ("ex_2" .
   [1 0 0 0])
  ("result_1_cut" .
   [0 0 0 0 0 0 1 1 1 2 1 0])
  ("BPF" .
   [1 0 1])
  ("hamming" .
   [0 0 0 1 0 0 0])
  ("result_2_cut" .
   [0 0 0 0 0 0 0 0 3 0 0 0])
  ("result_2" .
   [5 0 0 1 0 0 0 0])
  ("result_1" .
   [3 0 0 0 0 0 0 0])
  ("result_3_cut" .
   [0 0 0 0 0 0 0 0 6 0 0 0])
  ("output" .
   [1 0 0 2 0 0])
  ("wav" .
   [1 0 0])
  ("wave" .
   [0 0 0 1])
  ("xlim" .
   [1 0 0 0])
  ("angle" .
   [3 0 0 0 0])
  ("omega" .
   [8 0 0 0 1])
  ("omega1" .
   [9 0 0 0 0 0])
  ("omega2" .
   [5 0 0 0 0 0])
  ("my_filter" .
   [0 0 3 0 0 0 0 0 1])
  ("duration" .
   [2 0 0 0 0 0 0 0])
  ("trans_3" .
   [1 0 0 0 0 0 0])
  ("win" .
   [1 0 0])
  ("lpf" .
   [4 0 0])
  ("hpf" .
   [3 0 0])
  ("bsf" .
   [1 0 0])
  ("filter_length" .
   [2 0 0 0 0 1 0 1 0 0 0 0 0])
  ("result_LPF_cut" .
   [0 0 0 1 1 0 0 0 0 0 0 0 0 0])
  ("sample_frames" .
   [0 0 0 0 0 0 1 0 1 0 0 0 0])
  ("result_LPF" .
   [2 0 0 0 0 0 0 0 0 0])
  ("trans_2" .
   [2 0 0 0 0 0 0])
  ("fuzhi" .
   [1 0 0 0 0])
  ("unwrap" .
   [1 0 0 0 0 0])
  ("weixiang" .
   [1 0 0 0 0 0 0 0])
  ("prototype" .
   [0 0 0 1 0 0 0 1 1])
  ("linalg" .
   [0 0 1 2 0 0])
  ("norm" .
   [0 0 3 0])
  ("recog" .
   [2 0 0 0 6])
  ("x7_1" .
   [2 0 0 0])
  ("x7_2" .
   [2 0 0 0])
  ("x7_3" .
   [2 0 0 0])
  ("x7_4" .
   [2 0 0 0])
  ("x7_5" .
   [2 0 0 0])
  ("x9_1" .
   [2 0 0 0])
  ("x9_2" .
   [2 0 0 0])
  ("x9_3" .
   [2 0 0 0])
  ("x9_4" .
   [2 0 0 0])
  ("x9_5" .
   [2 0 0 0])
  ("prototype_2" .
   [0 0 0 6 0 1 0 0 0 0 0])
  ("prototype_7" .
   [3 0 0 0 0 0 0 0 0 0 0])
  ("recog_1" .
   [7 0 0 0 0 0 0])
  ("prototype_" .
   [0 0 0 0 0 0 0 0 0 1])
  ("prototype_9" .
   [2 0 0 0 0 0 0 0 0 0 0])
  ("recog_2" .
   [9 0 0 0 0 0 0])
  ("recog_3" .
   [9 0 0 0 0 0 0])
  ("recog_4" .
   [6 0 0 0 0 0 0])
  ("recog_5" .
   [6 0 0 0 0 0 0])
  ("recog_6" .
   [6 0 0 0 0 0 0])
  ("max" .
   [2 0 0])
  ("min" .
   [2 0 0])
  ("sed" .
   [9 0 0])
  ("*test" .
   [0 0 0 1 0])
  ("pattern" .
   [1 0 0 0 0 0 0])
  ("eachLine" .
   [1 0 3 1 0 0 0 0])
  ("findall" .
   [1 0 0 0 0 0 0])
  ("I_m" .
   [1 0 0])
  ("S_ptn" .
   [0 0 0 1 0])
  ("S_m" .
   [4 0 0])
  ("echo" .
   [0 0 0 1])
  ("filename" .
   [17 0 0 5 0 0 0 0])
  ("cat" .
   [11 0 0])
  (".tmp" .
   [1 0 0 0])
  ("segment" .
   [1 0 0 0 0 0 0])
  ("judge_dim" .
   [1 0 0 0 0 0 0 0 0])
  ("comp_stump" .
   [0 0 1 1 0 0 0 0 0 0])
  ("gini" .
   [1 0 0 0])
  ("count_all" .
   [0 0 0 0 0 0 1 0 0])
  ("mkdir" .
   [1 0 0 0 0])
  ("./output/trim_text" .
   [0 0 0 0 0 0 0 0 0 0 0 0 1 0 0 0 0 0])
  ("ori_text_dir" .
   [0 0 0 0 0 0 0 0 1 0 0 0])
  ("./output/temp" .
   [0 0 0 0 0 0 0 0 1 0 0 0 0])
  ("output_dir" .
   [2 0 1 0 0 0 0 0 0 0])
  ("./output/t" .
   [0 0 0 0 0 0 0 0 1 0])
  ("trim_text" .
   [0 0 0 0 0 0 0 0 1])
  ("_label" .
   [2 0 0 0 0 0])
  ("alt_nums" .
   [3 0 0 3 0 0 0 1])
  ("int" .
   [0 0 3])
  ("thre_alt" .
   [1 0 0 0 2 0 0 1])
  ("Node" .
   [4 0 0 0])
  ("data" .
   [17 0 0 0])
  ("LEARNING_NUM" .
   [4 0 16 1 0 0 0 0 0 0 0 0])
  ("thre_alts" .
   [2 0 0 0 1 0 1 1 2])
  ("func_thre_num" .
   [1 0 0 0 1 0 0 0 0 0 0 0 0])
  ("malloc" .
   [1 0 0 0 0 0])
  ("func_thre_alt_nums" .
   [1 0 0 0 0 0 0 0 0 0 0 0 1 0 0 0 0 0])
  ("Samp_Node" .
   [4 1 2 0 0 1 3 0 1])
  ("samples" .
   [7 0 0 0 0 0 0])
  ("type" .
   [12 0 0 1])
  ("qsort" .
   [4 0 0 0 0])
  ("sum_prob" .
   [1 0 0 0 0 0 0 0])
  ("cum_w" .
   [8 0 1 0 0])
  ("RESAMPS" .
   [0 0 9 0 3 0 0])
  ("resamples" .
   [7 0 0 0 0 0 0 0 0])
  ("resamp" .
   [2 0 0 0 0 0])
  ("rate" .
   [4 0 0 0])
  ("cun_w" .
   [1 0 0 0 0])
  ("Dim" .
   [5 0 0])
  ("FILE" .
   [3 0 0 0])
  ("fopen" .
   [3 0 0 0 0])
  ("resample_listfile" .
   [0 0 0 0 0 0 0 0 1 0 0 0 0 0 0 0 0])
  ("resamp_files" .
   [2 0 0 0 0 0 0 0 0 0 0 0])
  ("resamp_name" .
   [3 0 0 0 0 0 0 0 0 0 0])
  ("fclose" .
   [3 0 1 0 0 0])
  ("res_file" .
   [2 0 0 0 0 0 0 0])
  ("define" .
   [0 0 3 0 0 0])
  ("show" .
   [0 0 1 0])
  ("strap_file" .
   [2 0 0 0 0 0 0 0 0 0])
  ("sign" .
   [1 0 0 0])
  ("include" .
   [0 0 0 1 1 0 0])
  ("math" .
   [0 0 0 1])
  ("global-set-key" .
   [0 0 0 1 0 0 0 0 0 0 0 0 0 0])))
